-0.35
0.53
-0.20
-0.10
0.33
-5.55
0.85
-3.37
2.06
0.70
-0.40
-0.45
0.91
0.10
0.12
-0.47
-0.47
-0.49
-5.55
1.49
-0.32
-100.09
-0.02
-0.51
-0.33
-0.51
-0.52
0.12
-0.51
-5.55
-0.49
-5.55
-0.53
-0.18
-5.55
-0.53
-0.52
-0.51
-0.53
1.85
-0.52
-0.16
-0.55
-0.53
-0.52
-0.53
1.22
-0.55
-0.26
-100.10
-0.54
-2.55
-0.54
-3.28
0.12
-0.41
-0.08
-0.12
0.29
-0.67
-0.55
-0.53
1.38
-0.55
-0.55
-0.53
-0.55
-0.17
-0.55
0.23
2.72
-0.30
-0.38
0.17
-0.54
-0.54
-0.43
0.29
-0.55
-5.10
2.88
-5.10
1.59
0.51
2.44
-0.51
-0.54
-0.55
0.83
-0.54
1.53
-5.55
1.46
-0.55
3.04
1.77
-0.55
1.62
-0.54
3.02
-1.08
1.48
-0.55
-50.32
-0.55
1.09
2.44
-0.54
-0.54
-0.54
3.54
0.94
-0.54
-0.54
2.59
-2.79
0.97
2.00
-0.37
2.10
-0.55
-4.28
2.27
-0.55
-0.54
2.05
1.37
-0.55
0.92
1.87
2.62
-0.55
-5.10
2.67
-0.55
1.26
2.12
1.91
-0.55
-0.54
1.89
-5.10
3.68
-0.54
1.93
-1.35
-0.55
-0.54
-0.54
-0.54
-0.54
-0.55
1.60
-0.55
-0.54
-0.53
2.19
1.71
3.83
1.87
-5.10
1.25
2.05
1.82
1.48
-0.55
1.76
1.20
2.11
1.99
1.88
-1.35
1.68
2.72
2.06
1.61
2.50
1.44
1.76
1.74
-5.10
3.35
1.72
-0.54
1.56
3.25
-2.19
2.65
1.28
5.58
0.78
-5.10
1.84
4.82
1.78
-99.61
1.84
1.85
5.65
1.38
-0.15
3.32
1.94
3.39
-1.95
-100.10
1.87
2.03
3.89
2.16
-0.87
2.04
0.93
2.92
1.33
1.91
1.66
0.85
3.40
1.66
5.50
1.88
-0.56
-0.57
3.11
3.85
3.14
3.28
1.90
3.61
-3.11
1.57
2.94
2.65
-0.04
2.63
2.00
1.89
-1.05
2.62
2.63
1.48
1.41
-5.10
1.60
-3.41
-2.05
2.28
3.93
2.00
1.32
-50.03
2.07
3.43
1.18
4.53
2.26
2.72
1.87
2.31
1.65
2.48
1.57
2.19
-0.16
2.31
1.55
-5.10
2.08
2.62
2.93
1.70
-2.61
1.72
3.44
2.48
4.73
1.53
1.78
-1.10
1.56
-2.02
3.50
1.44
-20.10
2.34
2.86
2.18
2.07
-1.40
4.19
2.07
1.43
2.90
3.77
-5.10
1.68
1.11
-0.99
-5.10
1.53
2.75
2.34
-100.11
2.77
0.91
-3.39
4.49
-0.47
2.09
2.46
1.34
1.69
1.71
1.90
1.21
-1.04
1.59
-1.51
6.99
2.03
1.62
-2.92
-100.21
-5.10
2.45
-2.85
1.90
1.24
2.35
2.41
1.42
-49.98
2.38
1.77
2.14
-2.86
2.40
-1.76
1.67
1.38
1.88
1.84
1.07
2.62
1.74
-2.55
1.65
4.27
3.53
1.72
1.57
-5.40
5.23
1.44
1.65
2.65
1.97
2.40
2.48
5.00
0.82
1.84
1.94
1.89
-2.37
3.00
1.60
1.39
1.53
1.74
2.24
6.15
2.46
4.60
1.44
2.22
1.31
2.34
6.16
-3.48
1.60
3.41
1.76
1.48
-3.45
1.81
1.83
-25.10
2.14
1.64
-2.36
2.66
-1.22
1.62
3.23
6.45
1.71
3.26
2.67
6.22
2.78
1.71
2.89
-5.10
1.45
2.60
2.14
1.19
1.10
2.07
3.12
-0.26
3.33
1.43
-10.66
-1.65
2.73
-5.10
4.98
1.89
4.00
1.43
2.15
-2.35
4.33
-5.10
3.42
1.68
1.49
-0.30
2.57
1.99
1.72
2.14
1.93
-7.93
1.83
2.86
3.70
1.65
1.78
0.95
1.68
2.76
1.96
1.79
-2.57
1.43
1.55
-5.55
-1.02
1.82
1.78
-2.08
1.31
4.19
1.98
3.84
1.44
2.46
1.94
2.78
1.90
2.19
1.48
3.02
1.40
1.21
1.66
1.74
1.77
1.91
2.30
1.69
1.67
3.17
2.21
1.43
1.84
1.99
1.45
0.87
1.41
1.78
4.93
1.55
1.93
3.15
1.80
2.33
2.61
-2.29
2.65
2.47
-100.13
3.45
-1.74
3.16
3.16
-1.06
2.26
1.43
1.68
1.60
-1.14
1.54
3.70
1.48
1.58
4.94
0.72
-2.10
2.64
2.13
0.86
1.49
3.27
1.71
0.29
2.30
2.80
1.30
2.78
-1.97
-1.46
1.71
2.47
1.23
2.08
2.11
1.63
2.41
2.87
1.86
1.19
-0.43
2.91
-1.98
-5.10
0.08
1.93
-3.36
1.71
3.65
1.89
2.28
1.13
-20.09
1.68
3.45
1.35
3.11
6.23
1.48
2.09
3.41
1.68
2.10
2.23
2.05
-1.02
0.86
2.62
1.47
3.28
6.14
3.03
1.48
2.05
2.08
1.82
-0.88
1.69
1.51
2.58
1.93
5.67
1.56
2.58
2.41
3.38
2.35
7.74
3.15
2.78
1.83
1.84
2.46
2.31
3.08
2.78
1.03
3.76
1.51
1.71
1.66
-5.10
2.16
1.46
2.29
0.88
2.85
1.51
1.31
1.62
1.95
-5.10
1.48
1.84
1.52
2.78
2.57
1.18
1.52
-1.54
1.69
1.86
-3.08
2.22
1.83
2.88
1.84
3.48
3.40
2.88
2.00
3.29
4.21
1.67
-5.10
1.63
3.06
2.65
-5.10
1.26
-5.55
2.04
3.13
2.70
1.88
1.43
2.91
-2.05
-5.10
-1.16
1.73
-2.26
1.85
1.82
3.08
1.65
3.23
2.43
1.89
2.72
-3.99
4.68
1.91
-5.10
1.66
1.78
2.78
2.88
1.54
-5.10
3.11
-5.10
-2.43
-1.57
-2.19
1.23
1.83
2.69
2.05
1.60
1.62
5.70
2.13
1.99
1.28
1.86
-1.78
2.43
1.88
-1.79
4.26
2.01
1.62
1.84
0.75
1.81
1.81
1.61
2.20
1.89
3.78
2.44
4.06
-0.11
-2.88
3.52
1.87
-5.10
-1.55
1.92
1.79
2.08
3.12
1.30
2.09
4.31
2.38
1.54
1.68
2.21
3.40
2.52
2.18
-1.85
1.07
5.92
1.88
1.59
1.03
2.58
1.54
2.82
1.93
0.68
2.94
1.56
2.12
2.34
2.83
1.35
-5.10
6.44
2.17
1.83
1.65
-2.51
1.14
1.28
-5.10
1.33
1.35
-5.10
2.91
3.73
6.15
3.90
2.06
1.88
5.53
2.03
2.00
1.75
1.69
2.24
6.15
1.66
3.59
-5.10
3.96
3.38
-1.66
-0.82
2.31
-2.64
2.06
-2.62
1.55
1.63
2.59
1.51
1.48
1.51
1.36
1.43
5.01
3.17
1.15
1.19
2.39
1.60
2.81
2.52
1.14
2.34
1.81
3.06
1.70
1.55
2.81
3.70
2.96
1.79
2.85
1.84
3.25
2.13
1.83
3.03
3.50
3.97
2.30
4.19
-5.10
1.95
-103.50
2.56
2.63
1.65
2.75
3.93
2.99
1.42
1.40
3.73
1.53
3.62
1.74
2.81
-5.10
2.03
1.69
2.27
1.17
0.90
-0.30
-5.10
4.24
-2.30
2.35
-3.02
1.48
-100.10
3.06
2.06
2.92
2.44
2.52
1.35
1.65
1.50
3.31
-1.89
6.06
1.51
2.05
1.47
1.19
1.51
6.14
1.44
3.06
-0.71
-7.31
2.51
1.51
2.40
3.64
1.42
2.57
1.11
-1.98
1.95
2.12
1.71
2.39
4.14
2.18
4.22
3.16
1.53
1.75
3.27
2.67
3.22
1.76
1.97
1.86
2.03
1.57
-0.32
1.92
2.92
2.27
2.04
1.59
-5.10
1.48
1.68
2.44
2.54
1.90
3.80
-2.41
3.45
2.01
1.90
2.11
2.47
-5.10
2.32
1.84
1.01
2.04
2.97
-5.10
2.07
3.17
1.32
2.39
2.78
1.65
-0.41
2.22
1.89
6.02
1.48
2.07
4.15
1.66
2.68
-1.14
1.98
4.24
-5.10
1.71
-5.10
2.58
3.11
-5.10
1.68
2.73
3.32
3.06
-3.10
-5.10
-2.62
2.44
1.28
-1.67
0.33
2.67
3.12
2.72
2.33
1.44
3.49
1.90
2.39
1.58
-5.10
-5.10
1.96
5.18
1.27
1.49
2.34
4.31
2.45
3.66
3.96
5.09
3.05
5.21
2.94
3.39
1.43
2.30
3.59
1.66
1.62
-2.63
1.69
2.25
2.16
1.28
2.21
1.99
2.08
7.09
1.57
1.93
2.30
2.51
3.05
1.34
1.44
1.75
1.99
1.34
1.43
-33.38
1.54
1.72
4.61
-5.55
3.20
1.87
2.39
3.18
1.38
7.39
4.59
2.13
0.87
3.44
4.23
3.29
3.04
-2.91
1.44
3.06
1.82
1.98
2.63
2.59
2.02
2.01
3.26
2.84
0.87
1.63
1.68
2.02
2.06
1.78
-5.10
1.46
1.63
-0.59
1.18
4.50
6.13
3.53
-1.42
1.60
1.59
1.65
4.22
1.88
-5.10
8.88
-3.01
1.59
-5.10
-2.93
4.15
1.42
1.69
-0.34
1.81
1.58
2.21
-1.36
1.99
1.51
-0.98
2.40
2.15
2.26
2.01
6.22
2.37
-1.49
2.82
2.84
1.15
2.51
4.68
-5.10
2.35
1.76
2.48
-5.10
2.11
2.78
1.34
-100.10
-1.13
-3.05
3.72
3.87
2.50
1.76
1.88
4.53
2.24
1.74
1.87
2.98
1.52
7.75
1.44
1.70
-1.66
-5.10
3.31
4.88
1.81
-0.85
-16.71
-2.82
1.61
-0.03
2.49
3.00
2.11
1.81
-0.78
2.30
2.21
2.49
1.85
2.47
2.26
2.71
1.76
3.92
3.08
1.91
1.18
1.44
-5.10
-0.59
1.48
6.44
1.55
1.33
2.60
2.30
-0.37
1.66
2.35
3.40
3.81
-1.06
2.10
-2.21
2.75
-0.99
1.29
-0.32
4.11
2.51
1.46
1.71
-99.55
1.98
4.95
2.14
-1.75
-25.10
1.06
2.83
1.66
2.57
1.83
-5.10
2.44
0.39
4.20
-5.10
1.38
-2.49
-0.32
2.06
-5.10
1.65
-2.34
3.73
1.34
2.31
1.18
3.59
1.50
1.90
-3.11
-2.83
1.48
3.36
2.35
3.72
-100.11
1.76
1.43
2.26
1.72
-1.30
-5.10
1.90
4.46
-2.83
1.46
2.22
-5.10
5.13
1.20
2.07
1.18
3.04
-0.73
1.79
1.71
-1.93
-99.89
-4.06
-0.59
1.26
1.61
2.29
-33.19
2.25
1.61
4.09
-1.10
-5.10
2.18
2.86
2.01
1.27
2.83
1.37
5.23
2.37
2.57
3.05
2.74
1.46
2.29
2.94
1.51
1.38
1.16
2.77
1.63
3.48
3.37
2.64
3.70
4.23
2.80
2.17
2.78
1.35
2.38
2.25
-1.45
-5.10
-1.62
0.74
3.97
0.51
5.13
1.45
2.08
1.11
2.10
2.03
3.13
2.78
2.42
1.23
-1.60
-2.01
5.23
5.33
1.51
5.44
-1.01
3.26
1.36
4.35
2.15
1.69
0.75
3.26
1.02
2.73
1.76
4.22
3.62
3.46
1.64
3.63
4.31
1.11
1.96
1.76
2.88
1.43
1.88
1.97
-5.10
1.60
3.15
3.70
0.48
2.45
0.60
2.03
1.85
0.27
-5.10
2.60
1.48
2.72
2.07
0.05
1.48
6.17
2.09
1.63
2.18
1.82
1.84
1.95
3.14
1.56
5.23
1.63
1.68
2.31
-2.09
1.84
-5.10
3.05
3.11
1.78
-5.10
2.59
1.09
1.48
3.29
3.70
1.84
1.96
2.49
-2.31
2.47
1.53
-1.61
-0.10
1.69
-5.10
1.83
2.03
0.84
1.90
3.59
3.29
2.17
-1.05
-2.54
1.10
1.87
1.48
2.78
2.38
0.10
1.44
2.17
2.10
2.44
2.43
0.21
2.33
-5.10
1.65
-20.10
1.83
2.55
-1.37
0.57
4.73
-5.55
2.23
3.00
2.10
1.16
2.17
2.00
2.22
1.88
0.83
1.70
2.83
-0.95
2.85
1.96
1.63
3.29
3.07
2.21
2.71
2.22
1.52
1.71
2.71
1.38
1.97
3.50
2.17
5.03
1.94
-1.07
-2.69
1.33
1.86
1.86
3.08
3.70
2.86
-2.28
1.59
4.34
2.39
-5.10
2.27
1.68
2.54
1.21
-5.10
3.59
2.56
1.31
1.34
-2.58
2.45
1.33
1.44
-2.23
2.78
1.51
1.49
1.72
2.36
1.91
1.14
-5.10
3.32
2.83
1.44
1.64
-11.25
1.60
2.00
0.02
1.57
6.16
2.42
3.41
2.73
2.05
2.24
2.70
1.53
2.18
1.36
4.13
-5.10
-2.64
1.83
1.58
1.91
0.24
1.81
1.71
1.62
1.67
1.86
3.49
2.81
1.60
2.66
2.17
-0.28
1.34
1.42
2.22
1.90
1.69
1.99
1.49
1.39
1.66
1.73
1.99
-2.95
1.04
2.78
1.73
1.63
1.78
4.62
1.93
-100.09
2.37
-5.10
4.73
1.87
2.62
4.17
3.06
3.71
1.31
1.27
5.68
2.30
3.28
1.61
1.93
3.56
1.58
2.58
1.35
3.07
2.44
2.27
4.42
-0.54
1.08
1.70
2.18
3.46
3.57
2.10
-100.09
2.15
3.39
3.50
1.00
3.15
3.70
2.51
1.58
1.66
3.32
-2.89
2.58
1.85
3.31
2.20
1.33
2.78
2.06
-5.10
2.44
1.95
2.84
4.90
0.85
3.61
-5.10
1.89
1.08
1.53
1.98
-0.89
1.46
2.65
1.83
2.80
-3.42
2.60
-5.10
2.40
2.86
3.92
1.77
1.64
1.48
1.37
2.85
-2.86
3.17
-0.13
1.22
1.55
4.71
4.46
4.84
2.11
1.85
2.26
2.24
-2.40
1.50
1.69
2.08
-5.10
1.60
-1.96
1.99
2.62
1.74
2.37
1.90
5.05
3.05
-5.10
1.44
2.10
3.05
3.49
1.63
-4.63
1.43
3.28
2.51
-5.10
0.04
3.51
1.44
1.67
-1.11
1.73
5.53
4.01
2.49
1.86
2.07
1.71
2.26
1.92
3.08
0.45
0.21
2.13
2.67
-1.57
1.59
-99.63
1.42
2.37
-5.10
-1.04
1.75
4.98
1.48
1.91
-0.71
1.78
-8.22
2.17
1.76
3.44
1.78
-1.39
0.96
1.86
2.50
1.91
2.53
1.65
2.61
1.96
1.96
-2.41
-5.10
2.00
1.71
1.68
2.44
1.52
2.10
2.24
0.57
2.05
3.23
1.69
2.04
2.01
3.50
5.04
3.59
1.64
-1.18
2.10
2.60
2.08
5.24
-1.01
2.07
1.43
1.50
2.44
1.72
-33.58
5.23
-0.50
3.43
1.98
2.26
1.50
3.56
1.88
1.62
-2.33
0.98
1.94
1.20
1.82
1.66
1.53
1.53
1.44
1.55
1.74
2.07
2.60
2.34
2.87
3.39
-2.54
1.88
2.11
2.06
1.24
3.23
3.57
2.15
1.45
2.44
1.76
1.72
-5.10
2.18
0.74
-1.64
1.72
4.31
0.96
1.56
4.52
1.71
3.86
-0.90
3.67
1.48
3.70
2.98
3.66
1.71
-5.10
2.78
1.05
1.71
5.06
3.27
-1.67
1.68
2.19
-33.42
-5.10
2.57
2.11
2.37
-5.10
1.86
-100.10
1.51
1.36
1.19
1.81
2.22
-100.10
1.48
1.65
3.59
-3.12
1.94
1.71
-5.10
1.85
2.63
1.95
5.67
1.90
1.71
1.56
0.92
1.79
2.65
1.87
2.18
1.96
0.94
1.48
-1.04
1.35
3.36
1.82
1.48
1.42
1.54
-2.74
1.51
2.62
2.11
1.86
2.59
1.71
5.66
1.59
1.65
1.68
3.16
2.41
2.15
-1.02
2.95
1.33
1.10
1.65
2.83
2.40
1.68
1.51
1.35
1.59
2.22
2.38
1.51
1.68
1.87
0.81
2.60
2.08
2.22
2.39
2.63
2.46
4.31
1.71
1.66
1.94
2.21
-0.65
2.48
4.61
4.06
-13.67
1.26
2.08
1.47
-5.10
4.73
1.19
2.62
1.05
1.64
1.69
0.99
-3.00
1.90
4.33
-0.19
2.20
2.52
1.38
2.83
1.80
1.76
0.96
6.44
2.40
1.54
-6.88
-1.68
-2.34
-5.10
2.12
4.19
-2.69
1.90
-5.10
1.77
2.47
-2.31
2.83
2.19
1.36
2.82
-2.85
1.05
2.05
2.07
2.13
-2.21
1.42
1.84
1.76
1.80
-25.09
1.35
2.12
3.63
4.83
4.33
2.09
1.44
1.90
1.33
1.91
2.14
1.45
-5.10
-5.10
2.36
5.86
1.29
1.65
2.21
2.71
3.30
2.40
0.33
3.15
2.78
-2.56
2.50
2.22
1.97
2.73
3.54
1.10
-0.10
1.60
2.42
1.98
0.97
-2.70
-1.01
-0.87
-1.97
2.11
1.72
1.44
2.44
1.72
4.31
1.90
1.95
2.47
5.13
-20.10
1.98
2.81
-1.89
4.35
0.90
2.12
0.18
1.09
1.98
1.75
2.03
1.51
1.84
2.60
0.97
-0.46
2.52
1.48
1.91
1.50
4.06
1.97
-3.78
2.33
-1.81
2.32
3.24
2.21
2.58
1.61
1.88
2.63
-5.10
3.10
2.78
4.50
1.63
2.65
-5.10
-5.10
-5.10
1.14
3.41
1.73
-5.10
3.09
3.94
1.87
1.68
-1.49
5.76
1.70
2.88
2.40
1.90
3.57
3.39
1.58
1.94
1.80
2.12
1.49
1.19
3.03
-2.85
1.95
5.79
-2.67
2.07
-0.27
2.63
1.84
1.76
-1.60
4.31
1.71
-0.59
-5.10
1.25
0.16
1.42
-2.56
1.76
2.70
-5.10
-5.10
2.55
-5.10
2.17
1.85
1.48
4.44
1.80
-3.36
-5.10
-5.10
2.56
4.26
2.34
2.56
2.37
1.76
-5.10
1.66
1.85
0.33
1.85
-1.19
2.81
0.27
1.84
2.10
5.86
2.24
2.30
1.53
3.70
1.83
1.90
1.69
0.41
3.72
2.30
1.44
1.44
1.67
-2.78
2.58
-3.41
2.33
1.69
2.11
1.65
1.48
2.27
2.88
5.76
-1.93
1.71
3.38
2.30
1.04
2.03
-5.10
-5.10
1.48
2.44
2.74
2.14
4.19
1.54
1.44
4.82
2.19
2.48
1.88
1.35
1.37
1.79
1.91
3.65
-1.35
1.44
1.25
2.16
2.77
-5.10
2.46
2.71
1.43
-5.10
3.54
3.14
2.48
1.69
4.90
1.69
-2.79
1.03
2.30
1.45
3.44
1.52
2.46
1.08
-5.55
1.48
1.81
1.59
2.85
-25.11
1.43
5.86
1.46
1.87
1.88
-5.22
-0.97
2.86
4.71
1.66
1.76
0.03
2.88
1.90
4.71
1.90
3.15
3.45
2.02
0.92
2.05
3.59
1.95
-2.06
1.36
2.09
-2.29
1.84
2.52
1.15
2.20
1.65
2.01
3.49
3.87
-96.32
1.98
1.97
3.13
5.92
-0.45
2.33
2.62
5.13
1.25
1.88
2.33
4.58
1.41
2.03
1.45
-1.18
1.93
3.78
2.26
1.42
3.91
-5.10
1.48
2.42
5.14
2.41
1.98
1.90
2.53
1.82
1.74
5.75
1.84
1.76
0.45
2.00
2.00
1.85
2.48
1.65
1.76
1.59
1.89
-2.88
-0.46
2.29
-5.10
2.36
2.23
3.90
2.39
-0.15
3.71
-1.95
1.66
-1.77
1.52
1.94
1.87
4.21
1.90
2.44
1.94
1.83
6.17
2.32
1.82
2.57
2.46
1.58
2.13
1.44
-5.10
-100.05
2.36
1.01
-0.38
3.58
2.04
-3.64
1.21
1.98
3.31
4.09
2.83
1.46
2.63
2.62
5.35
1.69
1.60
4.31
1.37
3.42
4.47
3.71
1.48
1.76
1.63
2.01
-5.10
-6.97
2.27
1.66
2.53
1.41
-5.10
1.51
5.45
1.52
2.37
1.30
1.44
2.28
1.71
2.43
-2.77
-100.10
1.76
3.07
2.05
2.15
1.68
-5.10
-5.10
2.60
1.88
3.71
1.79
-100.10
-3.23
1.48
2.96
3.08
1.09
2.44
1.76
2.26
2.41
1.45
3.43
-5.10
3.71
6.34
1.84
4.72
1.98
-1.91
1.92
2.52
2.48
2.24
-5.10
-5.10
4.36
0.86
1.59
2.54
4.19
1.79
3.49
-2.34
1.66
2.21
1.95
1.72
2.98
2.02
2.24
2.58
2.21
1.48
1.60
2.10
3.00
3.95
-2.62
1.47
1.62
2.06
1.31
1.60
-1.88
3.17
2.33
0.29
1.95
2.32
4.01
6.23
2.86
1.69
1.88
1.84
2.00
1.42
1.87
-5.10
2.68
1.74
1.35
-2.06
2.39
1.63
1.76
-5.10
1.77
3.49
3.19
-5.17
1.61
-0.30
1.51
4.78
1.76
2.15
3.16
3.51
5.49
2.43
1.77
-33.47
1.20
0.83
2.41
4.44
3.30
-1.22
4.92
3.26
-50.10
3.60
2.44
1.79
-1.93
1.10
1.79
2.56
-1.07
-1.86
2.60
3.06
4.84
1.95
-5.10
1.64
1.91
2.05
-1.36
3.41
-3.38
3.16
-1.22
3.19
5.39
1.91
1.44
3.27
1.51
3.13
3.03
-5.10
0.80
5.75
2.60
1.10
3.85
1.85
3.08
1.13
2.57
5.15
-1.97
-5.10
-0.09
2.37
1.91
-2.41
4.67
1.92
-1.60
1.50
2.68
3.40
3.40
3.24
4.57
2.67
1.91
5.12
3.38
-5.10
2.13
1.53
1.54
3.62
2.03
-2.13
-5.10
-0.70
1.95
2.64
2.40
2.33
1.16
1.90
1.95
1.30
1.53
2.34
-2.06
3.27
-1.96
-1.48
2.18
1.58
1.61
1.86
1.66
1.42
2.59
1.34
2.68
1.99
5.04
1.95
2.90
2.49
2.63
3.23
2.90
1.71
0.13
2.53
-0.60
1.79
1.84
-1.08
3.28
-100.15
-5.10
2.93
2.44
2.00
-1.92
2.86
0.67
2.18
0.57
2.75
-2.61
-3.27
3.65
1.44
2.00
1.64
1.96
4.00
2.54
1.96
1.91
1.66
-4.70
1.15
4.62
1.44
1.53
7.10
1.71
2.43
2.83
3.33
-1.26
2.41
1.46
-5.10
1.15
1.44
2.03
2.43
4.45
1.79
2.98
3.04
4.11
3.77
4.00
7.15
4.11
2.78
1.95
1.25
1.76
-5.10
2.62
-25.21
1.56
2.06
1.76
1.38
2.52
1.85
2.18
1.77
2.21
4.71
3.83
3.93
2.53
-1.40
1.79
1.44
1.92
0.74
-2.63
1.37
2.04
1.94
-1.97
0.96
1.35
2.88
4.42
2.30
-0.43
4.12
2.73
-2.79
3.39
2.08
1.95
2.26
4.13
3.25
2.01
2.76
1.99
1.51
1.06
4.13
2.15
2.23
2.15
1.43
5.51
2.02
2.90
2.29
1.96
1.73
1.48
3.29
3.25
4.13
2.47
1.38
-3.17
3.49
3.06
1.56
-1.33
3.28
1.89
1.81
3.18
2.37
3.38
1.74
1.70
0.37
-0.86
1.47
2.61
1.53
2.01
1.51
-5.10
1.40
2.62
-99.89
2.72
2.18
-2.55
-100.10
1.66
1.48
2.63
-5.10
3.36
-2.88
1.89
-0.68
2.06
2.23
-1.88
1.84
3.17
-3.38
-5.10
2.33
2.45
4.69
1.87
1.82
1.72
1.88
2.55
1.46
3.73
-5.10
0.55
-2.52
-1.30
3.40
-3.38
5.54
2.36
1.85
2.45
5.60
3.08
2.94
1.51
1.68
-0.42
1.83
3.17
4.19
2.65
-0.22
2.45
3.18
2.38
2.24
1.47
3.31
-100.09
-5.10
6.26
5.72
1.37
2.82
-1.18
2.94
1.52
3.30
2.54
1.94
-5.10
3.29
0.23
1.38
3.75
-1.35
1.64
1.14
2.53
2.03
3.28
-2.34
1.29
1.44
1.79
2.41
1.63
-5.10
5.05
2.74
-3.32
1.30
2.53
2.17
3.92
-5.10
1.60
5.44
2.19
1.22
2.39
2.70
1.86
1.97
3.09
2.11
1.59
4.00
1.75
1.92
1.50
2.20
2.15
2.01
2.89
2.73
2.90
2.43
3.93
-1.16
-1.60
1.63
-1.99
3.45
2.02
1.86
1.23
1.48
1.52
5.68
1.20
2.89
4.42
1.46
3.28
2.33
-0.65
5.56
3.69
1.76
1.06
3.54
-1.93
-3.38
1.75
1.92
6.21
1.81
1.48
2.54
-5.10
2.08
3.94
4.60
1.98
-3.04
4.74
-0.83
2.13
0.92
0.15
3.07
1.98
2.02
2.27
1.80
1.22
2.79
2.12
1.68
2.30
2.15
3.47
-5.10
2.67
1.26
5.45
3.47
-5.10
3.29
3.16
1.81
1.84
1.35
-2.20
3.12
2.61
2.29
-2.28
2.79
1.71
1.62
2.06
-0.84
3.42
2.36
2.16
0.73
1.51
2.20
3.08
1.17
-9.57
-0.05
-1.24
1.37
3.17
-1.26
4.95
2.45
3.81
1.37
1.95
1.32
3.23
1.18
0.61
1.19
-3.09
1.42
2.60
1.38
2.87
2.21
1.71
-5.10
1.43
2.84
1.65
-5.10
-5.10
4.78
2.04
0.79
0.88
1.84
3.65
2.76
-1.76
-5.10
1.93
2.73
4.22
1.55
2.89
1.14
1.48
0.38
-0.54
3.29
1.65
0.85
3.01
2.63
0.91
2.05
1.91
6.03
4.26
2.17
2.56
1.42
1.88
2.90
-3.07
-5.10
1.67
-5.10
1.54
1.65
1.13
2.31
1.80
2.72
1.41
2.23
2.92
1.79
1.95
1.32
1.89
1.72
2.21
-3.10
1.43
4.52
3.50
2.11
1.99
2.00
1.37
-16.59
1.53
2.48
2.95
1.99
1.96
3.03
3.48
2.68
2.05
2.05
1.29
1.07
2.24
2.10
3.06
-5.50
3.76
3.13
2.78
-2.82
1.89
4.22
-33.42
4.83
3.88
2.47
2.62
2.86
-5.10
1.40
0.94
0.99
2.74
1.48
-1.62
1.70
-2.84
2.75
1.84
1.70
2.85
0.68
-1.90
-2.06
2.75
1.90
1.96
2.73
-3.13
2.27
2.10
2.32
3.17
1.51
2.71
3.16
-5.10
2.70
2.98
4.74
3.95
2.50
1.64
1.87
1.62
0.60
1.43
2.53
5.31
1.44
1.87
1.76
3.25
4.57
1.71
1.47
4.11
7.88
3.27
4.49
2.23
1.50
-99.62
1.58
2.57
1.46
2.12
3.29
2.27
1.83
1.95
1.76
3.93
2.64
1.34
2.13
2.82
2.84
2.11
2.08
1.33
1.41
6.55
-5.10
1.65
2.33
-2.64
4.03
2.60
-6.14
1.68
3.74
1.53
2.39
1.91
0.38
-3.89
3.51
-0.89
3.05
1.65
2.01
3.01
4.02
2.65
-1.75
1.96
-2.23
2.08
-1.93
-0.81
5.77
3.69
2.12
3.02
1.51
1.57
2.09
0.23
0.02
-2.99
1.34
4.03
4.82
3.43
3.42
2.18
3.41
-5.10
2.11
-7.08
-5.10
1.86
-5.10
2.61
-2.00
4.73
1.94
3.18
4.12
3.77
4.45
1.83
1.69
2.70
2.01
1.98
2.12
2.61
1.50
3.74
2.65
2.68
3.25
6.21
-0.59
1.54
2.28
-1.56
0.83
1.49
1.56
2.95
-5.10
3.58
1.89
2.89
3.89
1.69
-5.10
3.35
-0.91
1.90
1.95
1.96
-2.59
3.65
-100.10
2.62
1.57
1.85
-1.57
1.49
1.37
1.97
2.20
-5.10
-1.29
1.70
2.08
3.63
2.29
1.51
2.11
-5.10
-3.10
3.70
3.46
-99.99
-1.70
2.78
-5.10
1.65
2.84
2.16
-2.51
3.30
1.81
3.38
2.29
-4.73
2.21
1.16
4.24
3.73
4.48
1.91
1.75
3.03
-5.10
-3.38
1.04
2.57
2.00
-0.45
7.19
1.19
3.01
1.48
2.57
2.09
1.58
1.75
2.74
1.95
-3.38
2.81
-0.46
2.69
-1.42
3.02
-2.91
-5.10
2.20
3.80
2.22
2.79
2.28
2.60
1.69
1.61
2.16
3.27
2.71
2.58
-5.10
2.82
3.11
2.02
3.93
1.71
-1.94
1.47
5.16
3.74
3.83
-0.20
1.60
3.17
1.13
1.39
3.53
1.53
4.60
0.24
1.48
1.71
-0.20
2.58
3.44
1.60
1.58
7.13
1.36
1.36
2.98
1.59
1.59
1.86
2.98
2.27
4.45
-2.07
1.79
2.35
3.73
2.21
3.76
-5.10
0.87
-5.10
0.86
1.76
-5.10
2.69
2.53
1.17
0.25
1.30
6.31
4.09
5.23
0.02
3.44
2.30
2.27
-97.39
1.35
2.16
3.89
2.53
1.99
-1.18
-0.18
2.10
2.90
0.87
1.34
2.43
1.54
6.02
4.17
3.73
2.68
2.56
3.74
2.48
2.91
3.74
5.31
1.30
3.61
1.74
-0.33
2.31
2.18
5.13
1.66
1.56
5.43
2.27
1.65
-5.10
-0.53
-2.16
1.83
-2.24
4.81
3.53
1.88
-1.32
1.88
4.45
2.45
-5.10
4.56
2.29
-5.10
-1.13
2.88
-1.76
1.35
1.92
1.60
2.70
2.06
1.31
-0.68
6.23
2.30
5.58
-5.10
1.14
3.31
1.89
1.43
5.47
1.08
-2.33
1.07
1.20
1.54
2.02
3.73
3.02
-5.10
2.30
1.36
2.62
1.51
2.76
1.57
3.11
1.84
3.67
1.92
0.78
1.81
1.79
0.65
2.09
-1.60
1.78
2.02
1.52
2.74
-2.75
1.28
2.43
2.45
3.87
1.61
0.97
1.76
4.55
0.71
2.33
1.62
1.13
1.76
3.87
4.73
2.61
2.52
2.97
5.23
1.51
4.97
2.67
1.35
4.69
1.41
1.33
1.51
1.81
1.68
2.55
1.33
2.09
2.20
2.40
1.62
2.18
3.90
1.81
1.47
-0.48
-5.10
4.63
2.49
3.78
1.61
1.43
2.38
3.05
2.95
4.36
2.96
2.37
2.72
-0.33
2.08
2.32
5.29
4.22
1.12
-33.43
2.06
-5.10
1.47
2.44
2.37
2.21
1.62
2.20
3.41
-3.38
-5.10
3.29
2.43
1.34
3.49
3.29
2.14
3.83
1.66
2.49
3.24
2.06
1.82
-2.61
1.51
2.91
1.86
2.93
1.03
0.09
2.34
1.64
2.47
-3.62
1.86
2.99
2.19
4.76
5.77
-3.25
1.59
3.43
1.64
2.37
1.51
6.13
1.55
7.36
-2.00
2.84
1.38
5.43
2.48
1.79
1.67
-5.10
1.95
3.61
3.74
1.42
1.48
1.70
3.76
2.03
2.04
2.15
3.32
1.51
1.84
2.57
2.33
3.79
3.16
0.98
1.95
0.11
3.25
1.80
1.95
-2.76
2.46
1.21
2.08
2.32
3.17
4.54
-1.49
1.56
1.64
2.46
2.06
2.21
3.70
0.21
2.08
1.26
2.45
3.13
3.09
2.02
-2.19
3.77
1.20
4.99
3.13
1.64
1.70
1.20
3.47
4.89
1.53
2.49
1.85
1.64
4.36
1.49
1.79
-5.10
1.87
-3.17
-5.10
1.97
2.52
1.49
1.49
-0.20
-5.10
1.88
1.22
2.10
-96.29
1.18
2.50
2.01
2.17
2.65
-5.10
-0.74
1.32
1.53
3.97
3.15
4.77
3.63
3.58
2.42
-2.72
4.44
3.07
2.27
2.30
2.27
2.51
1.79
1.95
2.46
1.64
-0.04
1.34
-0.12
-0.13
-0.10
2.32
0.98
-0.11
2.31
3.44
1.88
1.42
0.95
3.49
-1.84
1.58
2.01
1.48
2.41
-25.10
-1.95
2.24
3.57
2.99
2.85
2.24
1.51
3.28
1.51
0.36
2.21
1.59
1.56
1.19
4.46
2.58
1.97
5.90
1.66
3.27
1.43
1.77
3.20
1.66
-0.20
-3.38
1.48
2.63
2.73
3.44
-2.25
4.75
2.15
1.53
1.94
2.86
1.65
4.02
1.98
5.13
3.85
-2.13
2.57
1.50
3.96
-0.07
4.73
-33.32
-98.88
1.18
1.05
-3.32
3.11
-0.71
4.49
2.16
5.41
1.48
2.17
3.81
-5.10
4.63
6.59
5.13
1.78
8.40
2.89
3.13
3.87
1.76
2.03
-2.70
3.90
-5.10
1.53
2.88
3.46
2.38
1.03
1.23
2.27
1.96
1.65
2.17
1.76
-5.10
5.65
1.80
3.08
2.10
2.87
5.44
-1.30
2.11
-5.10
2.13
3.24
1.66
2.44
2.11
1.88
1.83
2.29
0.50
5.01
3.23
2.15
1.57
-1.47
2.45
3.37
6.26
1.68
2.78
-1.96
1.73
-5.10
-2.55
-5.10
1.95
-2.38
1.48
0.73
3.89
3.09
1.62
2.37
4.51
1.79
2.07
2.46
-2.31
0.29
-0.96
2.09
-5.10
3.08
3.77
1.89
1.84
3.87
1.48
3.13
2.92
0.99
-5.10
2.00
2.10
3.43
3.24
-2.76
1.98
1.38
2.61
1.53
8.23
-0.83
2.60
2.00
1.86
-1.53
-2.42
2.82
5.62
1.74
2.49
1.20
3.23
4.77
2.61
-1.16
2.16
2.02
4.23
2.31
2.14
-1.20
1.64
-2.66
2.44
1.66
-5.10
1.63
4.59
1.64
0.48
1.79
2.73
-0.70
2.28
4.25
4.39
5.32
1.88
3.04
2.97
2.58
-3.27
4.59
1.87
1.85
2.73
-1.82
2.69
1.53
2.08
-99.61
1.72
-0.30
2.89
1.52
1.74
4.99
2.44
3.28
-2.35
3.33
2.46
5.48
-1.79
2.34
-2.36
1.37
2.42
0.81
-1.87
2.30
1.99
2.93
3.31
3.25
1.80
-3.38
0.62
1.99
0.97
1.64
2.34
2.17
0.85
1.43
1.99
0.73
-0.83
2.31
1.84
1.67
1.56
1.78
-1.23
3.25
4.26
-3.38
1.08
2.91
5.76
2.95
2.03
2.03
3.64
2.13
0.89
-1.03
1.76
3.62
2.69
2.59
-5.10
2.36
1.74
1.34
3.08
1.43
1.27
1.65
3.70
1.91
2.09
0.21
2.06
1.79
2.82
2.31
1.83
-100.10
1.54
1.70
4.47
1.48
4.60
2.71
1.64
3.27
3.33
1.56
1.52
-5.10
3.39
2.08
1.89
2.15
1.41
1.99
1.35
-3.05
2.99
1.86
7.04
1.32
-3.09
1.71
4.74
7.72
1.15
5.95
2.39
-0.75
3.05
5.51
1.65
1.50
1.59
-0.34
-0.97
-5.10
3.05
2.77
0.73
3.65
5.33
3.17
-3.00
-0.07
3.08
2.25
4.22
1.58
1.51
2.61
4.46
2.42
2.19
2.51
2.43
1.44
1.81
3.37
1.85
-2.07
1.11
2.63
3.25
4.60
1.37
2.68
2.04
1.90
1.37
1.66
2.70
1.77
1.92
1.22
1.72
1.69
1.21
2.53
0.86
1.53
1.10
1.67
1.99
1.86
2.44
5.76
1.90
1.94
1.84
2.65
1.79
3.25
-2.97
3.37
-100.10
5.61
1.17
1.54
3.07
1.57
2.26
2.74
2.18
2.59
4.21
2.27
1.82
2.38
1.53
1.59
-5.10
2.10
2.29
1.78
1.29
4.00
-0.84
1.22
2.83
2.45
1.53
3.05
1.62
1.25
1.98
1.66
1.65
2.87
-99.90
2.36
1.95
3.35
3.16
1.70
1.36
2.25
1.05
2.70
2.77
5.23
3.17
1.77
3.16
-2.55
3.31
-1.70
1.48
1.99
2.14
2.83
1.16
-0.52
1.48
-2.30
3.85
1.81
2.65
-2.51
1.40
-1.79
3.82
-0.76
-5.10
1.42
-0.94
3.56
1.99
2.85
3.41
1.23
1.98
1.43
3.74
-100.12
-5.10
3.73
2.28
1.59
3.70
2.32
5.15
2.15
2.18
1.89
0.95
-2.09
1.48
1.58
1.51
-2.29
5.09
1.18
4.73
0.05
1.49
1.73
-3.09
4.37
1.57
2.17
2.19
5.03
1.14
1.63
5.69
2.08
3.55
2.05
1.63
2.64
1.21
2.71
1.76
2.95
2.41
2.26
2.28
4.27
1.80
6.26
1.54
1.39
2.29
5.92
1.65
-5.10
3.59
2.02
1.14
2.10
1.43
1.08
1.52
-5.10
1.62
-2.03
2.05
1.20
-1.69
4.73
1.41
1.99
-17.22
-5.10
1.46
2.03
1.60
3.11
2.36
1.52
1.23
1.57
1.41
2.88
-5.10
1.94
2.30
2.35
-5.10
1.97
2.69
2.59
3.59
1.57
1.72
1.74
1.94
3.03
-5.10
1.45
2.24
4.00
-3.38
1.51
1.41
1.65
-0.65
3.27
1.38
3.77
2.15
2.04
1.65
1.76
5.42
3.99
1.95
1.40
1.12
0.71
2.88
0.61
1.72
1.78
4.75
2.56
1.56
0.80
1.94
1.37
1.71
-0.50
2.59
-0.78
1.83
1.66
1.26
1.96
0.61
3.44
3.89
1.60
-2.99
3.01
-5.10
2.33
1.22
1.95
1.81
2.72
-2.81
-1.74
2.24
1.95
2.85
2.09
3.94
2.54
2.51
2.38
2.41
1.39
1.61
1.62
4.45
1.64
2.03
1.51
1.90
3.90
-5.10
1.39
1.97
-2.17
5.60
3.47
3.50
-0.81
3.73
1.59
1.92
1.71
2.26
1.99
3.68
1.22
2.77
-2.51
1.18
3.28
1.71
2.37
1.87
2.73
3.83
1.52
-0.93
1.33
1.85
3.00
1.50
1.94
4.02
2.14
2.22
-5.10
2.02
3.08
1.89
3.69
0.23
2.02
1.56
1.25
2.04
-0.62
1.24
4.17
1.54
1.66
2.74
2.90
-0.70
2.06
2.69
-5.10
2.54
1.93
2.08
2.17
2.59
2.72
2.95
-100.09
3.73
-5.10
2.73
3.31
3.41
1.18
-1.30
-2.01
2.48
1.57
-0.81
3.50
-1.28
-5.10
2.83
4.09
2.02
1.33
2.41
2.05
-1.99
4.05
3.08
3.86
1.91
-5.10
1.92
1.01
2.05
7.11
0.75
3.62
3.40
-1.29
3.07
1.13
2.17
2.46
-1.76
1.92
2.01
1.61
1.37
1.56
4.60
-5.10
2.72
2.09
-5.10
4.73
1.91
2.14
-1.98
2.61
1.79
1.45
-5.10
-5.10
1.67
1.71
1.37
1.45
-2.48
2.23
5.04
1.82
2.31
3.65
2.41
1.31
2.52
2.75
3.39
2.30
2.29
5.13
1.66
1.51
0.18
3.52
2.99
4.78
3.89
2.86
1.56
-1.29
1.03
2.04
2.26
3.08
3.73
1.98
3.10
0.28
5.32
-1.09
2.41
2.03
3.60
1.64
-2.08
3.47
1.98
1.40
1.78
1.43
2.60
1.35
0.54
-100.10
1.56
1.55
-5.10
1.70
2.09
3.28
3.44
2.55
2.42
1.76
2.26
4.55
2.33
2.01
2.22
3.24
3.16
1.45
-5.10
2.36
2.90
3.31
1.54
5.85
2.47
2.02
2.20
2.78
1.64
2.18
-0.31
3.40
2.85
2.54
1.38
1.74
2.26
2.27
0.26
1.88
-2.07
6.39
3.27
1.27
4.61
2.53
-105.11
2.63
-99.77
3.20
0.38
1.86
2.73
2.41
3.63
1.75
-5.10
2.08
3.14
-5.10
-1.62
-0.39
2.02
-5.10
0.42
1.18
-5.10
4.67
1.95
3.39
1.69
2.01
1.39
3.67
-1.47
-2.10
-5.10
1.95
-3.38
2.19
1.86
1.93
1.45
1.90
-3.32
1.44
4.98
4.39
1.29
1.95
4.45
3.08
1.70
5.77
3.58
1.71
3.16
-3.04
1.55
2.05
1.99
-5.10
1.96
2.10
2.08
1.73
2.47
-3.39
-1.22
2.03
6.10
1.50
-4.45
-0.39
3.30
2.01
3.17
2.51
-1.19
3.43
2.89
-5.10
3.28
3.27
2.15
4.73
2.38
2.20
3.28
2.56
-25.04
1.76
2.82
0.59
1.21
-0.24
3.20
3.25
5.06
2.26
1.85
2.14
3.77
-1.67
2.07
3.13
1.43
1.88
2.16
-5.10
1.52
3.02
1.47
1.45
1.62
1.27
3.84
3.08
-2.34
5.31
4.69
2.92
1.66
4.06
-2.87
1.36
2.14
3.72
1.96
1.19
2.44
1.36
1.99
-100.10
4.14
2.07
1.79
1.14
5.78
-0.96
2.38
1.32
1.52
1.77
2.12
2.32
3.39
-3.23
1.83
-2.30
2.01
5.70
1.94
1.18
-0.13
1.02
2.07
1.08
-2.29
-5.10
1.51
1.92
2.79
1.59
-0.87
2.70
4.73
8.06
4.46
2.04
3.45
-2.53
1.93
1.53
1.53
1.44
1.91
3.23
4.73
-6.78
3.01
1.57
1.77
1.69
1.80
1.99
1.47
2.18
-5.10
4.49
-2.62
1.89
1.76
2.21
-1.65
-3.38
-2.61
-16.32
2.10
1.78
3.15
-0.38
-5.10
5.77
-0.16
2.75
7.70
-100.10
2.90
1.53
2.64
1.54
1.80
1.31
2.08
-5.10
1.38
3.06
1.66
-2.01
2.05
3.23
1.79
1.71
1.79
2.32
2.58
1.37
2.48
-0.12
-1.92
2.24
2.64
-2.31
2.69
