-35.02
53.60
-20.48
-10.20
13.87
-5.55
22.07
-74.18
45.39
45.66
-40.57
-45.76
91.90
10.57
12.07
-47.09
-47.56
-49.25
-5.55
50.74
-32.38
-100.09
-2.19
-51.98
-33.43
-51.50
-52.40
12.60
-51.13
-5.55
-49.25
-5.55
-53.30
-18.65
-5.55
-53.30
-52.40
-51.05
-53.75
40.62
-52.85
-16.03
-55.10
-53.75
-52.40
-53.31
34.22
-55.10
-26.40
-100.10
-54.20
-66.19
-54.62
-98.53
3.34
-41.72
-8.21
-12.06
10.39
-37.64
-55.55
-53.75
31.65
-55.10
-55.55
-53.30
-55.55
-17.18
-55.10
6.79
100.62
-30.60
-38.25
17.08
-54.65
-54.68
-43.44
7.22
-55.10
-5.10
60.56
-5.10
35.02
16.26
63.47
-51.27
-54.20
-55.10
29.11
-54.65
56.75
-5.55
35.04
-55.52
82.01
49.65
-55.10
45.49
-54.65
75.42
-99.55
48.95
-55.10
-100.65
-55.55
30.52
56.18
-54.65
-54.65
-54.65
84.93
30.92
-54.65
-54.20
62.18
-78.10
25.32
58.11
-37.05
71.57
-55.10
-64.23
81.75
-55.55
-54.20
57.42
31.56
-55.10
22.97
61.66
78.53
-55.11
-5.10
82.71
-55.55
27.61
55.24
57.45
-55.10
-54.65
75.56
-5.10
169.08
-54.20
57.83
-40.60
-55.10
-54.65
-54.65
-54.65
-54.65
-55.55
43.14
-55.10
-54.65
-53.75
78.98
47.97
175.98
61.77
-5.10
34.99
53.40
58.14
34.14
-55.10
52.82
37.16
42.21
71.61
58.17
-40.35
82.29
43.57
68.04
45.10
72.57
38.87
33.43
54.06
-5.10
191.10
53.31
-54.65
53.01
133.40
-54.76
103.50
37.21
373.71
21.03
-5.10
91.98
274.47
51.54
-99.61
47.83
53.51
384.38
33.07
-5.88
142.86
46.50
159.37
-42.96
-100.10
48.59
70.88
179.12
69.20
-27.75
81.62
27.01
140.30
38.70
59.09
43.13
36.55
146.33
43.13
340.79
84.82
-19.09
-21.18
146.38
185.02
153.91
134.57
47.56
166.18
-62.28
42.46
126.53
108.77
-1.42
94.78
73.95
89.00
-32.42
94.38
92.14
34.14
36.56
-5.10
43.21
-61.32
-55.45
79.76
180.91
48.08
35.62
-100.06
99.50
154.18
54.23
258.19
63.37
43.57
46.80
57.87
39.54
81.87
70.59
76.64
-6.03
80.91
41.92
-5.10
68.52
94.38
125.94
42.41
-60.12
49.75
144.33
89.36
255.59
35.24
55.12
-36.35
42.06
-42.47
160.90
38.87
-100.50
86.73
114.38
43.53
41.44
-44.91
196.80
66.32
44.36
121.65
177.30
-5.10
40.34
35.46
-34.71
-5.10
39.73
109.93
58.49
-100.11
99.57
37.22
-57.64
233.63
-15.97
75.17
83.79
42.78
33.82
49.55
47.56
31.41
-32.30
36.56
-43.80
489.64
54.81
53.52
-61.40
-100.21
-5.10
93.19
-51.36
47.56
34.63
84.76
79.48
42.65
-99.97
59.47
53.02
72.88
-62.98
79.24
-49.29
33.37
62.32
64.08
55.26
32.23
94.38
54.03
-63.72
32.94
200.84
148.09
62.09
48.71
-75.64
282.61
43.11
59.27
106.06
43.35
83.95
81.87
304.79
22.91
47.80
63.86
52.98
-54.44
156.23
30.45
36.11
39.89
50.32
46.96
368.92
51.72
244.00
43.19
70.93
39.39
77.36
369.53
-59.24
38.33
149.87
56.42
53.21
-65.64
54.31
53.01
-100.39
72.72
47.43
-47.26
100.98
-39.18
50.19
135.48
425.55
47.97
153.27
104.09
398.20
108.47
47.86
118.69
-5.10
72.59
101.42
66.42
35.75
26.33
41.44
146.53
-9.09
143.35
37.29
-95.92
-44.61
106.42
-5.10
258.96
64.19
195.96
38.59
75.33
-56.46
216.59
-5.10
140.13
53.68
47.54
-10.96
89.98
65.69
63.67
72.75
65.51
-87.25
65.88
117.30
162.76
59.30
53.27
30.55
52.11
121.52
64.67
51.95
-61.66
45.62
43.27
-5.55
-34.77
52.90
62.16
-56.25
56.26
196.80
65.25
184.56
41.90
88.45
58.09
44.45
60.75
48.11
34.10
135.75
40.70
50.68
43.13
52.22
37.07
59.31
89.88
33.82
60.12
136.19
44.19
38.67
55.26
47.74
33.42
22.56
63.64
62.46
271.05
43.41
61.92
129.27
52.11
100.24
101.62
-52.70
111.44
51.84
-100.13
155.27
-48.74
126.32
126.32
-30.75
72.32
32.89
46.91
55.96
-35.30
49.28
162.76
38.61
33.14
271.47
29.39
-41.97
92.38
68.00
37.07
52.01
130.84
49.55
14.23
78.31
112.15
31.28
125.22
-63.07
-42.40
59.94
93.94
34.57
41.64
73.94
32.55
50.64
111.99
57.53
32.18
-15.92
122.09
-53.51
-5.10
3.23
55.93
-63.89
49.55
164.10
41.48
109.31
30.62
-100.47
53.62
155.24
43.22
121.39
385.95
37.06
66.98
149.97
57.28
44.18
53.63
55.33
-35.78
25.93
94.38
42.75
137.88
380.38
115.28
34.14
69.82
75.05
54.64
-27.14
33.82
34.76
100.62
71.46
328.85
48.41
54.22
91.70
138.47
87.05
580.67
126.10
114.13
38.52
55.26
49.23
78.48
160.10
161.30
22.58
169.35
34.76
46.19
58.02
-5.10
60.61
48.11
87.14
42.32
105.28
34.76
28.89
45.28
38.90
-5.10
38.61
55.26
41.13
44.45
92.63
31.97
36.42
-44.79
48.99
57.54
-52.41
73.16
60.31
106.52
55.14
156.42
146.32
118.15
67.94
148.24
244.18
56.66
-5.10
52.08
119.52
103.50
-5.10
31.50
-5.55
57.03
131.52
54.07
58.24
32.84
125.00
-49.18
-5.10
-37.00
77.75
-56.58
53.69
38.29
129.20
32.94
132.57
111.62
64.20
116.79
-63.79
252.70
89.78
-5.10
43.13
58.77
105.83
117.90
32.42
-5.10
127.51
-5.10
-63.16
-45.47
-63.57
32.02
60.30
120.97
55.23
36.85
43.67
324.93
72.53
55.64
34.62
59.40
-47.96
90.00
54.41
-50.21
208.67
46.17
45.34
55.26
20.34
54.32
56.04
53.06
79.06
56.76
185.27
109.84
210.88
-3.97
-63.31
147.64
63.69
-5.10
-44.86
51.82
51.85
72.82
134.00
42.79
48.16
202.55
61.85
47.69
58.87
74.97
149.81
123.51
74.16
-53.56
28.80
343.40
56.52
36.56
29.91
98.23
52.49
109.85
65.79
27.24
64.79
43.69
42.48
91.35
110.18
36.32
-5.10
399.28
69.48
53.12
32.94
-60.31
47.87
39.78
-5.10
39.93
58.00
-5.10
165.66
171.45
369.04
191.25
47.32
41.25
309.60
77.14
43.90
41.97
33.82
80.57
368.92
33.21
200.82
-5.10
198.23
145.25
-46.61
-27.15
74.05
-68.59
66.04
-60.24
41.77
32.55
101.01
34.76
34.14
34.76
33.98
32.84
270.57
130.12
31.04
36.86
98.15
32.03
104.10
100.93
30.91
126.17
54.33
146.75
32.39
57.38
115.30
166.34
62.09
68.20
110.97
55.20
139.73
61.83
54.83
127.25
164.54
206.34
41.37
196.80
-5.10
64.28
-103.50
115.15
86.64
32.94
110.01
180.91
122.48
38.30
32.26
182.74
39.89
166.51
46.97
106.63
-5.10
62.83
33.82
109.15
32.70
22.48
-10.56
-5.10
199.11
-62.11
42.25
-51.41
38.61
-100.10
128.41
68.03
122.84
80.41
108.32
37.84
47.99
47.91
89.41
-49.22
387.63
55.76
63.42
36.66
39.31
34.76
393.21
38.87
125.33
-23.30
-87.69
85.19
34.76
81.52
174.85
41.05
92.56
34.42
-57.53
73.96
42.48
66.54
78.89
202.66
74.26
211.11
135.96
39.89
52.63
133.90
98.90
67.63
52.75
82.85
57.53
69.08
42.37
-11.67
61.34
52.50
95.32
65.37
49.18
-5.10
38.61
55.29
80.41
94.05
58.80
227.90
-50.66
152.01
74.40
47.56
67.54
79.17
-5.10
123.12
73.59
30.25
67.35
124.78
-5.10
68.35
130.12
36.88
47.82
44.45
32.94
-10.26
93.06
43.40
385.59
34.14
76.46
211.71
43.13
107.16
-34.22
51.61
199.11
-5.10
49.55
-5.10
90.44
130.60
-5.10
57.17
109.29
149.54
183.31
-55.79
-5.10
-65.57
80.41
44.83
-43.36
12.83
106.66
140.59
119.70
79.39
50.30
146.71
56.87
86.07
49.12
-5.10
-5.10
58.71
331.81
35.49
73.23
58.41
237.21
78.52
204.83
186.33
284.86
125.04
296.97
58.71
145.66
38.63
78.31
150.61
58.17
53.38
-73.58
33.82
78.68
40.99
34.44
70.76
61.57
68.49
531.44
54.86
58.04
82.97
85.19
137.47
38.91
41.77
48.98
53.69
33.45
32.84
-100.14
46.10
55.16
244.40
-5.55
137.63
65.41
95.50
133.47
31.81
539.57
224.67
78.93
19.04
144.33
211.63
138.31
146.15
-55.33
38.87
128.56
60.18
61.34
107.96
126.67
46.40
68.20
153.28
116.40
25.18
45.78
47.09
52.61
74.21
51.53
-5.10
39.51
32.55
-20.16
43.65
233.87
428.91
158.66
-42.55
49.56
49.22
56.22
219.38
41.25
-5.10
701.41
-54.15
49.22
-5.10
-46.89
215.95
42.67
47.26
-12.04
54.26
33.21
79.57
-39.54
69.71
34.76
-30.32
81.49
73.27
49.82
60.39
391.94
80.60
-49.05
171.72
142.09
33.41
102.76
238.76
-5.10
87.07
52.75
104.29
-5.10
73.99
122.33
26.75
-100.10
-34.89
-64.06
175.00
174.18
92.51
33.43
41.25
317.41
85.18
62.54
56.14
128.25
44.18
550.15
38.87
40.71
-34.90
-5.10
142.51
326.71
59.64
-30.60
-100.29
-53.53
46.63
-1.21
94.72
123.09
82.44
54.38
-27.37
82.76
55.29
49.90
63.02
96.31
49.82
105.80
56.43
188.40
132.49
65.07
37.73
37.39
-5.10
-19.90
38.61
424.92
46.64
26.61
90.88
80.33
-12.25
33.21
117.69
163.01
190.74
-33.80
71.29
-55.30
101.78
-31.55
41.15
-11.76
226.18
85.19
27.72
47.97
-99.55
73.32
326.94
77.18
-35.06
-100.40
38.01
104.70
48.13
89.88
54.83
-5.10
83.06
15.83
201.82
-5.10
41.52
-59.88
-11.97
72.03
-5.10
32.94
-58.47
175.49
30.75
83.17
33.17
150.61
39.06
56.99
-55.90
-56.59
38.38
144.33
44.57
160.00
-100.11
52.82
32.84
72.32
54.89
-41.74
-5.10
58.87
231.83
-62.25
45.16
79.76
-5.10
271.76
38.42
74.60
27.14
127.52
-26.26
51.82
47.97
-52.05
-99.89
-64.92
-20.15
41.67
48.22
75.49
-99.57
58.39
45.11
224.89
-34.20
-5.10
67.56
117.30
60.24
38.16
107.45
39.69
360.73
94.83
105.43
143.16
109.49
33.53
91.68
141.15
34.76
41.47
31.43
116.40
32.55
149.78
181.87
66.03
162.76
211.52
103.58
67.15
44.45
27.07
80.81
78.62
-43.35
-5.10
-53.33
22.79
190.55
21.37
271.99
42.06
72.73
38.78
83.90
79.14
140.92
44.45
53.30
28.18
-43.28
-50.29
282.61
309.38
34.76
310.12
-37.50
140.29
38.12
234.91
72.98
54.03
31.30
146.62
30.64
114.56
56.32
198.34
151.88
148.85
42.68
167.01
202.55
29.99
92.19
61.49
118.28
32.84
41.25
63.12
-5.10
54.50
135.46
162.76
20.97
120.11
14.35
79.03
57.29
10.02
-5.10
88.34
34.14
111.47
53.77
1.78
34.14
395.14
73.15
32.55
89.58
54.45
55.14
38.90
131.79
54.70
282.61
50.52
45.46
71.54
-58.41
84.79
-5.10
128.14
164.80
56.97
-5.10
93.33
48.97
38.61
138.31
162.76
55.16
45.03
94.48
-53.16
94.05
47.55
-51.49
-3.70
55.62
-5.10
54.83
71.01
25.24
47.56
150.61
138.15
80.35
-32.70
-63.50
32.98
58.09
44.47
44.45
73.91
3.69
38.87
86.85
71.52
80.41
99.48
8.35
84.01
-5.10
32.94
-100.50
53.09
86.81
-41.15
23.22
250.95
-5.55
53.41
122.80
67.35
36.04
84.66
71.92
71.16
41.25
21.54
54.50
113.08
-32.21
116.94
45.11
32.55
69.18
135.23
79.56
143.83
48.87
42.44
49.47
140.87
42.77
61.19
150.54
84.64
296.70
62.19
-34.33
-61.86
45.11
57.51
70.84
126.19
166.52
145.65
-57.08
36.56
208.22
74.05
-5.10
47.61
47.13
116.99
36.31
-5.10
150.61
97.28
42.03
40.18
-59.38
49.06
57.16
36.03
-60.20
44.45
46.68
41.69
66.97
51.98
59.06
47.82
-5.10
155.92
104.70
46.13
49.17
-101.26
49.62
44.00
0.96
47.03
369.53
91.90
150.20
106.31
59.37
87.39
108.04
39.89
82.79
36.80
206.59
-5.10
-60.79
56.84
47.45
59.36
9.65
52.38
49.55
38.90
46.76
52.21
164.17
115.08
78.27
55.96
101.85
-10.07
52.29
38.37
79.98
47.56
33.82
63.56
46.11
41.66
49.93
55.50
63.74
-61.94
33.12
44.45
81.46
32.55
53.54
249.32
59.81
-100.09
80.60
-5.10
241.20
63.68
109.91
221.15
128.32
159.43
48.50
39.41
352.07
78.31
134.57
45.11
58.03
177.76
47.29
108.30
40.60
122.67
87.94
81.88
212.22
-19.44
28.09
35.77
84.87
159.23
157.23
92.35
-100.09
73.10
149.31
164.71
33.05
129.27
192.24
85.19
74.17
33.21
69.76
-63.57
100.79
57.49
155.76
85.98
26.68
44.45
51.41
-5.10
85.30
38.90
119.34
249.89
17.88
198.79
-5.10
49.16
28.04
39.89
59.29
-31.10
49.72
55.56
73.18
103.58
-58.11
90.88
-5.10
117.78
114.32
207.83
53.18
47.67
44.50
58.85
133.95
-62.89
130.12
-5.96
29.29
37.19
249.80
227.53
299.83
80.03
48.18
79.08
76.22
-64.76
31.51
33.82
39.55
-5.10
47.88
-49.00
79.53
94.38
50.43
80.51
47.56
262.66
161.65
-5.10
38.87
73.44
125.07
164.10
50.56
-69.41
32.84
144.36
85.19
-5.10
1.49
172.18
38.87
49.99
-32.12
55.25
309.60
220.51
92.13
85.45
43.37
51.34
45.16
65.25
126.19
18.18
8.21
82.92
122.68
-45.67
36.56
-99.63
31.21
85.28
-5.10
-34.29
48.93
258.96
68.27
63.07
-23.30
60.49
-90.46
80.23
52.75
144.33
57.07
-37.51
41.11
48.31
52.54
59.09
88.40
46.12
101.81
62.79
70.69
-55.50
-5.10
63.99
54.77
50.36
80.41
32.00
69.45
80.71
25.44
71.83
151.61
33.82
75.42
40.27
182.15
282.26
179.27
49.15
-35.38
77.52
96.29
68.53
377.64
-32.27
45.60
32.84
31.49
85.42
54.91
-100.75
282.16
-17.57
154.17
83.08
49.82
38.92
167.28
56.26
60.00
-58.19
25.50
65.96
32.38
60.20
39.77
47.39
39.89
43.35
48.12
50.41
47.59
104.07
72.44
74.53
148.99
-58.39
58.39
67.43
47.40
31.10
139.09
149.85
73.21
33.41
80.41
52.75
49.94
-5.10
47.90
24.58
-45.80
55.17
202.74
27.96
37.39
248.77
49.55
185.43
-37.68
172.62
38.47
162.76
62.49
161.21
54.69
-5.10
44.45
31.42
44.45
267.98
140.41
-50.04
57.12
78.98
-100.25
-5.10
92.63
48.49
80.60
-5.10
66.90
-100.10
52.78
32.75
32.13
54.35
71.16
-100.10
34.14
49.57
165.12
-62.44
62.01
49.55
-5.10
90.77
100.01
38.90
334.67
62.71
49.52
43.56
22.09
50.07
103.39
41.23
74.08
62.76
27.23
39.83
-35.49
41.86
144.33
54.57
41.54
45.47
33.91
-62.98
46.73
109.91
69.50
40.83
90.59
49.72
362.39
49.39
32.94
47.07
126.32
96.43
73.17
-36.80
126.88
38.44
41.76
32.94
110.54
55.31
48.82
34.76
36.41
49.20
71.16
88.23
34.76
57.05
65.28
20.94
103.86
66.65
71.13
76.44
113.01
54.08
202.55
56.33
33.21
64.11
83.90
-22.04
99.33
239.85
198.89
-95.68
29.00
66.49
33.90
-5.10
241.20
32.09
94.19
30.34
46.01
54.23
41.71
-71.89
47.56
208.06
-6.67
83.44
133.49
41.38
104.70
52.28
52.75
43.30
399.28
81.63
30.83
-89.39
-46.98
-56.16
-5.10
50.82
196.80
-64.61
47.56
-5.10
51.43
88.91
-57.82
104.70
50.48
36.65
121.23
-62.68
45.28
51.16
64.21
72.40
-57.42
44.06
55.14
57.93
63.12
-100.34
26.96
42.44
156.19
270.71
220.85
70.98
48.89
47.56
38.62
51.45
64.21
43.47
-5.10
-5.10
89.72
339.76
37.35
49.59
77.32
105.64
165.25
88.63
12.67
138.39
44.45
-56.32
85.05
79.76
61.20
123.02
170.12
47.30
-3.49
49.64
99.30
65.25
26.11
-62.17
-30.18
-30.61
-53.28
73.81
51.60
41.90
87.75
48.09
202.74
47.56
72.33
89.02
271.99
-100.49
67.47
143.26
-56.73
221.99
22.47
78.55
7.89
33.71
93.25
50.82
79.32
34.76
57.03
98.90
39.84
-15.07
85.59
68.27
59.36
40.44
190.68
65.14
-64.30
79.32
-46.96
78.87
133.00
79.74
100.45
48.38
41.25
118.45
-5.10
117.94
44.45
234.26
63.43
103.50
-5.10
-5.10
-5.10
27.37
149.89
51.96
-5.10
132.71
177.18
44.80
53.71
-44.79
334.07
59.50
106.52
98.56
53.22
156.91
149.07
49.12
58.12
52.20
76.43
46.24
29.72
115.28
-62.75
62.25
359.28
-66.68
49.67
-10.69
131.39
55.26
36.96
-52.80
202.55
47.97
-20.13
-5.10
34.90
5.74
39.79
-58.99
33.43
110.56
-5.10
-5.10
86.79
-5.10
127.86
61.20
38.61
226.31
53.95
-63.89
-5.10
-5.10
97.26
225.98
86.62
94.76
80.60
56.32
-5.10
33.21
61.16
12.64
36.94
-42.86
109.52
10.35
55.26
67.14
339.76
78.40
57.39
39.89
207.22
54.83
62.68
33.82
15.70
160.00
82.97
41.74
38.87
45.16
-58.34
54.22
-58.03
83.88
50.70
69.50
49.44
41.40
67.95
118.16
334.07
-52.08
54.83
152.15
71.39
38.54
64.83
-5.10
-5.10
45.85
97.77
109.44
61.99
209.45
49.13
44.52
260.40
45.96
81.87
41.25
40.49
45.07
48.20
57.41
197.17
-40.65
38.87
34.93
71.43
99.57
-5.10
78.68
124.44
32.84
-5.10
205.35
141.50
94.31
33.82
249.89
79.57
-61.31
44.08
78.31
44.98
144.33
45.50
100.92
31.28
-5.55
42.90
59.71
49.15
110.97
-100.43
32.84
433.28
42.35
52.34
62.07
-73.10
-30.95
151.38
240.34
64.66
51.11
1.16
115.39
58.87
268.59
64.76
163.80
165.49
68.74
24.82
71.74
150.61
58.43
-47.32
47.53
60.64
-43.56
55.26
100.72
32.23
66.06
32.94
76.41
198.90
185.89
-96.32
61.38
76.98
134.78
343.40
-16.58
86.20
112.71
297.81
34.97
41.25
90.85
233.74
36.61
67.01
34.84
-35.31
88.56
188.93
79.01
45.44
183.80
-5.10
65.10
84.78
282.44
79.63
57.53
47.56
96.21
56.27
64.28
333.47
55.26
33.43
17.90
81.90
61.90
59.23
59.61
47.80
33.43
49.20
58.61
-63.37
-17.56
80.12
-5.10
84.94
86.82
187.27
90.67
-5.87
159.43
-52.65
33.21
-49.54
31.86
60.25
57.90
210.66
47.56
85.54
75.77
54.89
382.66
113.86
59.96
107.77
90.86
47.27
74.53
46.05
-5.10
-100.05
73.31
41.23
-14.47
168.47
75.46
-58.22
36.29
71.17
162.21
200.47
104.70
37.91
100.01
94.38
299.71
33.82
52.84
232.99
28.77
154.10
246.07
174.57
34.14
33.43
32.52
62.29
-5.10
-76.66
86.44
54.76
88.40
35.20
-5.10
34.76
365.09
47.18
83.08
37.81
38.87
47.90
59.84
90.09
-58.11
-100.10
33.43
125.78
71.91
77.34
58.96
-5.10
-5.10
98.99
103.48
159.43
48.44
-100.10
-61.41
42.80
142.28
141.47
30.41
80.41
54.44
72.32
91.53
29.04
154.35
-5.10
159.43
456.20
55.26
320.79
75.20
-51.53
59.60
50.31
94.07
80.72
-5.10
-5.10
209.09
20.69
36.56
106.55
196.80
60.90
146.71
-58.39
33.21
88.32
60.53
85.89
121.99
62.48
73.99
100.60
83.86
38.61
49.45
64.97
125.97
177.55
-70.68
45.69
50.16
67.95
39.41
52.94
-50.84
129.87
93.07
10.96
38.90
78.75
184.27
385.95
114.22
57.32
54.47
55.26
39.93
41.20
57.84
-5.10
96.30
55.77
27.00
-43.35
54.87
32.55
33.43
-5.10
53.20
146.71
156.31
-72.42
56.36
-10.89
39.26
267.55
33.43
66.68
63.18
161.37
318.69
107.06
56.53
-100.41
52.59
23.97
84.34
230.86
178.24
-31.69
270.73
140.19
-100.20
162.18
51.22
78.71
-52.00
27.52
41.23
92.01
-33.25
-37.13
106.45
140.90
275.77
64.31
-5.10
32.76
38.30
71.77
-42.03
187.54
-57.53
69.47
-35.24
137.05
296.29
59.09
38.87
133.90
31.63
150.00
127.21
-5.10
31.95
333.47
101.39
50.46
184.63
81.28
126.19
26.08
97.80
334.72
-49.37
-5.10
-3.25
82.79
65.11
-57.87
275.32
59.62
-43.27
41.91
96.49
173.44
149.76
174.73
242.02
56.17
59.21
281.86
71.01
-5.10
78.77
32.19
50.94
159.32
66.84
-51.11
-5.10
-23.87
38.90
102.92
83.96
72.25
30.26
49.28
66.45
29.79
38.32
93.77
-53.51
140.60
-45.17
-31.18
80.80
37.99
49.88
64.96
49.92
42.48
98.28
30.75
101.96
95.32
282.46
38.90
110.33
57.18
100.06
174.36
150.84
47.80
5.53
85.98
-20.91
41.23
55.26
-34.56
131.06
-100.15
-5.10
146.26
85.38
65.93
-49.82
128.82
28.01
80.51
24.42
112.60
-65.17
-62.20
160.43
43.23
44.10
41.04
64.52
235.88
91.26
66.78
64.90
33.21
-70.55
41.54
295.51
38.87
39.89
525.36
47.97
82.69
104.70
146.39
-41.65
91.74
35.15
-5.10
27.56
38.87
71.22
82.69
213.69
41.23
125.24
127.80
246.42
181.18
224.15
507.53
189.09
108.27
38.90
32.57
40.48
-5.10
94.38
-100.85
43.56
80.42
49.35
52.40
55.36
42.58
78.33
35.37
83.85
254.57
203.12
180.91
93.71
-47.46
69.91
31.65
88.51
25.74
-55.16
41.00
65.15
60.13
-41.29
41.44
35.05
106.53
238.63
78.34
-14.30
206.19
98.29
-61.39
142.20
97.71
38.90
76.93
214.75
133.45
58.18
107.75
41.85
42.25
26.49
222.89
120.58
71.29
73.09
42.98
325.15
62.66
72.55
75.49
101.78
65.82
34.14
138.31
133.45
202.17
86.31
41.33
-60.31
167.34
143.74
84.15
-38.43
137.88
37.79
50.74
130.20
80.60
169.02
46.97
79.69
15.36
-28.33
44.20
99.25
55.15
70.40
31.63
-5.10
34.93
94.36
-99.89
97.91
74.02
-61.20
-100.10
44.71
38.61
102.57
-5.10
144.36
-57.60
47.32
-21.72
65.79
87.09
-43.35
55.11
129.87
-57.53
-5.10
79.14
100.49
234.36
63.73
52.92
46.46
69.74
96.93
59.87
175.15
-5.10
21.31
-60.54
-37.56
74.74
-57.53
338.13
84.89
71.99
80.89
324.66
126.19
120.46
46.77
47.06
-16.20
89.56
129.87
196.80
103.50
-9.39
95.66
142.96
92.78
82.85
33.91
132.47
-100.09
-5.10
381.57
326.07
35.64
160.66
-39.09
114.62
43.99
145.20
96.52
63.96
-5.10
138.31
9.06
48.21
161.17
-43.30
32.76
33.06
88.40
65.00
141.15
-46.74
57.95
40.30
51.96
101.40
52.31
-5.10
292.82
126.06
-69.76
40.30
88.40
78.27
192.17
-5.10
52.92
309.87
76.62
35.31
55.04
118.69
85.54
59.08
145.14
67.37
33.42
192.23
66.37
61.56
54.14
52.71
47.30
64.23
118.63
98.29
110.33
85.14
184.82
-40.44
-44.77
58.73
-51.81
158.50
56.46
38.97
33.08
38.60
50.27
352.10
34.82
109.90
212.22
40.79
134.57
74.49
-19.41
411.36
166.19
42.19
29.63
173.38
-52.05
-57.53
59.46
65.31
403.60
54.37
35.61
68.68
-5.10
76.99
208.76
248.39
81.00
-51.60
241.66
-26.52
70.22
24.86
5.67
128.90
61.46
62.60
49.84
48.57
36.56
117.34
46.68
51.98
80.42
68.80
145.92
-5.10
104.10
36.50
321.61
166.60
-5.10
144.60
126.32
50.74
55.14
36.53
-61.66
143.30
101.67
75.49
-59.28
106.06
49.67
47.01
65.93
-29.38
150.54
111.04
77.82
28.34
48.30
74.96
144.87
24.59
-95.68
-2.05
-36.04
32.87
142.50
-39.19
272.08
95.60
186.58
41.14
38.90
35.55
138.79
50.77
24.51
41.55
-61.74
44.03
96.19
48.38
114.65
70.76
49.53
-5.10
32.84
124.77
44.46
-5.10
-5.10
277.11
77.57
34.64
23.85
55.26
178.79
154.59
-49.27
-5.10
48.33
98.29
198.34
46.47
109.77
47.76
38.61
14.29
-18.44
138.31
72.81
34.82
150.65
73.61
39.01
75.92
59.19
385.73
208.77
62.91
110.23
39.69
78.89
110.33
-61.48
-5.10
48.30
-5.10
49.26
32.94
28.13
122.65
59.29
95.37
39.54
48.96
128.35
41.23
66.41
41.06
58.69
55.07
83.84
-52.73
41.33
289.02
174.85
67.62
41.85
44.02
42.60
-99.56
45.78
141.51
135.82
45.73
51.03
127.37
166.91
101.68
67.59
67.76
55.58
33.11
78.54
67.16
134.53
-76.93
214.49
144.04
105.68
-45.17
49.26
228.09
-100.27
261.08
186.31
86.57
102.04
146.08
-5.10
41.87
29.16
30.73
137.02
47.39
-48.51
66.34
-59.64
104.44
55.26
61.13
133.87
26.68
-51.22
-49.41
107.22
64.71
60.61
98.29
-59.42
79.40
69.37
95.32
130.12
31.63
100.40
139.19
-5.10
108.08
119.06
255.80
189.69
95.15
32.76
58.00
32.42
25.17
32.84
53.16
313.04
38.87
56.20
42.19
133.45
233.06
47.97
38.20
193.01
567.36
133.90
224.59
77.92
41.96
-99.62
50.61
92.39
38.04
74.08
177.66
77.01
62.05
64.31
42.19
204.14
110.94
32.22
78.73
61.95
122.00
48.44
47.94
34.60
46.45
418.98
-5.10
32.94
88.65
-52.87
181.57
88.31
-79.76
57.15
171.81
39.89
119.72
53.57
14.97
-69.95
203.36
-32.90
140.45
32.94
74.39
126.39
180.97
103.38
-52.63
70.72
-62.57
68.54
-42.41
-26.03
328.89
180.99
76.34
130.01
40.80
51.79
73.16
9.14
0.77
-56.81
40.27
246.08
294.29
154.57
157.11
71.96
150.00
-5.10
50.70
-84.93
-5.10
85.54
-5.10
94.07
-35.95
241.20
48.62
146.26
251.56
165.67
213.69
56.63
52.24
116.08
92.50
61.51
70.01
101.72
44.88
175.83
105.90
101.84
136.33
415.97
-20.18
46.19
88.81
-43.54
38.17
40.32
71.94
111.99
-5.10
164.48
49.26
112.59
171.20
54.06
-5.10
150.61
-30.16
64.72
60.38
74.62
-54.42
171.50
-100.10
91.55
53.38
70.30
-43.85
32.83
41.09
57.13
72.63
-5.10
-41.39
45.96
77.07
181.65
75.49
49.86
69.77
-5.10
-52.77
162.76
152.23
-99.99
-42.41
122.14
-5.10
32.94
116.42
73.32
-55.30
131.83
48.88
152.29
75.49
-70.93
86.29
37.06
199.11
208.96
246.25
64.82
78.88
121.40
-5.10
-57.53
48.71
92.63
62.05
-15.85
524.70
32.12
135.46
38.61
97.82
75.09
33.11
61.14
112.50
64.31
-57.53
106.67
-15.48
107.42
-39.76
117.63
-55.38
-5.10
74.89
182.55
82.11
128.44
50.16
93.66
76.01
62.73
51.83
173.56
111.02
108.33
-5.10
101.44
124.42
70.77
180.91
80.26
-52.33
30.81
293.88
175.94
180.14
-7.12
49.69
130.12
43.05
33.45
197.94
52.09
225.52
9.42
56.18
61.69
-7.54
87.62
144.33
54.29
50.42
534.99
39.30
39.54
119.13
33.42
57.15
61.39
152.07
74.90
213.69
-53.69
41.23
84.61
193.72
70.76
188.05
-5.10
24.49
-5.10
36.13
42.19
-5.10
96.75
88.40
31.69
9.42
36.47
435.34
278.34
282.61
0.66
144.33
50.67
108.86
-97.39
40.57
60.42
171.20
93.53
69.63
-35.36
-6.66
71.56
121.59
39.90
36.07
94.82
52.44
355.45
204.20
160.46
99.22
94.70
179.50
86.95
119.29
164.57
329.30
28.57
176.94
52.24
-11.44
97.01
72.04
271.99
49.78
45.27
336.88
45.46
52.70
-5.10
-18.02
-38.89
65.89
-53.88
288.63
179.80
88.46
-38.41
62.09
213.69
80.85
-5.10
232.70
84.70
-5.10
-37.42
118.15
-42.25
58.01
67.10
52.69
113.47
65.94
35.30
-22.42
385.95
96.44
340.66
-5.10
27.35
132.47
49.26
32.84
317.21
24.78
-60.67
48.25
50.27
49.19
80.87
160.46
123.94
-5.10
92.03
36.72
104.91
31.63
132.54
32.95
133.57
55.14
165.26
65.29
31.02
52.47
41.23
29.04
69.12
-43.13
60.67
40.49
38.01
60.27
-54.95
41.09
92.38
102.99
174.18
36.98
41.66
40.45
236.81
18.35
81.56
32.36
34.95
52.83
174.18
241.20
91.34
95.91
118.94
298.08
49.96
298.29
109.35
44.51
281.69
43.66
57.20
31.63
50.71
62.06
99.35
35.90
50.04
74.64
52.73
45.49
96.02
175.65
45.13
39.79
-16.48
-5.10
259.36
94.57
215.70
40.19
38.67
76.07
140.22
153.50
209.09
118.21
90.19
105.91
-11.61
66.53
115.81
306.97
198.34
32.57
-100.30
61.82
-5.10
35.22
85.36
113.68
70.76
37.22
72.62
149.83
-57.53
-5.10
141.68
114.35
34.96
146.71
141.57
70.65
187.78
46.35
82.03
148.92
65.85
36.48
-44.34
48.29
177.44
59.49
125.86
43.17
3.87
119.24
52.61
88.96
-72.32
85.54
116.47
80.92
252.27
328.89
-61.73
33.42
157.64
54.00
80.60
31.63
429.05
51.30
544.31
-54.09
113.56
40.12
320.63
101.68
59.12
36.81
-5.10
38.90
212.87
179.68
44.03
38.61
49.32
180.25
70.93
63.11
75.31
73.14
39.18
84.60
133.67
86.39
193.35
126.32
43.10
38.90
3.76
133.45
48.47
38.90
-57.98
51.75
51.86
70.73
76.58
130.12
290.88
-38.63
50.04
41.04
91.17
84.62
44.20
162.76
7.79
47.94
30.20
68.51
125.02
145.19
64.74
-52.52
165.67
31.25
279.67
134.57
32.76
61.03
30.10
145.92
274.09
39.89
87.07
59.25
52.61
209.09
50.55
41.23
-5.10
56.08
-63.50
-5.10
61.18
120.97
65.44
49.01
-8.67
-5.10
58.23
35.42
39.90
-96.29
38.93
97.63
94.31
71.55
111.47
-5.10
-23.63
48.72
39.89
226.33
129.27
253.01
166.81
150.16
86.97
-57.08
212.94
162.45
47.60
85.00
72.48
105.58
41.23
64.31
90.86
41.04
-1.71
30.75
-11.90
-12.80
-9.74
125.14
51.12
-11.00
80.82
144.33
63.97
31.34
40.64
146.71
-49.59
49.09
62.39
47.23
77.12
-100.40
-52.67
78.53
185.57
134.68
108.18
80.61
31.63
141.06
31.63
15.23
88.28
42.99
40.45
28.53
227.56
110.86
61.14
383.60
33.21
133.90
38.48
61.98
134.57
33.21
-8.06
-57.53
38.61
105.23
106.62
144.33
-65.16
261.45
77.37
47.58
52.43
117.19
54.46
180.97
61.26
271.99
192.43
-51.14
102.61
40.61
198.00
-3.37
241.34
-99.96
-98.88
29.52
31.50
-59.67
180.42
-25.49
251.64
77.67
324.57
38.61
73.90
224.99
-5.10
231.70
487.47
271.99
58.80
730.67
109.66
134.73
205.30
52.75
72.90
-59.40
206.95
-5.10
67.25
129.76
159.11
52.25
29.73
38.11
77.32
56.82
32.94
82.37
54.41
-5.10
338.82
62.85
126.19
94.34
123.26
320.90
-37.61
80.11
-5.10
104.27
142.57
36.54
85.49
52.70
69.73
63.92
75.49
19.37
280.75
135.72
70.86
48.69
-45.56
90.64
145.05
381.57
57.15
108.54
-54.94
57.11
-5.10
-66.39
-5.10
64.31
-57.18
34.14
33.79
171.20
151.25
43.67
73.60
234.48
41.23
72.61
51.75
-53.16
11.70
-33.54
100.11
-5.10
132.50
177.37
64.17
55.14
224.43
38.61
156.40
119.85
41.74
-5.10
61.93
77.68
188.85
145.70
-63.57
81.29
42.73
101.77
39.89
724.12
-30.59
98.78
94.01
85.54
-44.29
-65.34
115.56
382.29
55.55
87.18
35.90
142.32
257.71
112.37
-35.92
71.19
64.69
220.12
83.05
72.81
-37.07
41.04
-55.78
80.41
33.21
-5.10
52.11
275.23
41.04
19.96
41.23
109.15
-23.72
77.41
199.74
228.51
329.69
63.94
121.55
121.83
92.74
-55.55
243.40
56.17
55.40
57.36
-50.91
145.34
39.89
47.94
-99.61
46.46
-10.34
124.48
34.97
40.02
304.24
85.34
157.33
-58.82
169.66
140.45
323.56
-51.88
102.75
-61.27
36.96
99.41
35.81
-52.23
85.15
41.85
161.05
132.47
68.31
39.53
-57.53
25.31
41.85
23.28
52.38
86.51
75.94
22.00
32.84
41.85
31.40
-29.08
50.86
55.14
53.38
48.27
58.70
-38.06
136.59
208.88
-57.53
53.94
113.38
334.07
123.82
70.93
69.09
210.91
70.22
26.78
-36.20
58.00
206.47
96.75
101.20
-5.10
84.95
59.02
30.73
126.19
32.84
34.16
32.94
162.76
59.09
77.44
8.37
65.92
41.23
109.96
85.43
54.83
-100.10
39.96
45.84
223.40
34.14
243.78
102.93
39.42
133.90
166.71
46.82
42.44
-5.10
149.16
47.94
49.11
72.98
32.34
41.85
37.90
-48.77
134.65
76.37
485.55
27.65
-61.81
42.70
241.99
555.59
35.55
410.87
95.52
-24.72
131.19
319.48
32.94
48.03
33.42
-11.64
-33.95
-5.10
121.87
132.81
29.78
185.98
357.09
130.12
-57.05
-2.58
126.19
76.45
219.35
50.54
36.24
94.05
232.12
92.09
72.27
93.05
82.71
38.87
55.99
155.03
36.94
-51.80
46.81
113.01
136.44
243.85
40.97
99.26
71.40
60.96
42.35
33.21
97.23
65.51
71.20
30.62
46.46
47.20
36.39
146.67
32.62
39.89
32.92
51.85
41.85
59.64
119.55
345.89
72.24
62.05
55.26
103.54
64.60
136.59
-56.37
165.34
-100.10
336.47
38.61
50.94
125.77
47.08
63.26
68.62
93.82
87.97
219.09
88.54
58.37
85.64
51.90
33.42
-5.10
73.41
52.58
67.79
36.19
196.19
-29.57
40.15
144.36
100.58
42.83
155.48
61.40
32.39
65.32
33.21
32.94
117.59
-99.90
113.33
58.64
157.56
126.32
47.54
40.92
80.85
25.16
107.80
102.37
282.61
136.33
58.53
126.32
-61.19
132.47
-49.42
41.44
41.85
49.22
81.96
32.55
-17.29
38.61
-57.59
177.21
75.88
100.67
-60.22
32.11
-50.19
168.12
-25.76
-5.10
35.50
-30.93
192.23
75.69
122.40
146.53
35.68
65.47
32.84
168.16
-100.12
-5.10
175.18
79.87
49.21
162.76
78.86
314.33
51.62
80.50
56.63
42.72
-54.47
38.61
50.68
31.63
-52.62
274.95
49.41
241.20
1.93
38.72
34.56
-61.89
249.29
45.58
80.45
81.09
271.37
36.48
74.91
380.92
66.71
159.75
82.12
40.78
100.40
31.52
111.28
57.92
123.98
96.53
81.31
95.71
222.13
59.34
381.69
49.27
44.62
73.40
361.42
32.94
-5.10
164.92
68.55
32.95
69.33
32.84
49.48
48.66
-5.10
45.27
-54.79
71.77
31.07
-45.62
241.34
42.16
41.85
-103.34
-5.10
56.81
71.08
54.42
130.48
84.92
42.59
41.67
50.38
46.64
106.53
-5.10
85.29
105.85
86.89
-5.10
66.92
96.92
88.14
172.32
45.59
46.46
62.55
63.97
115.31
-5.10
40.50
78.27
195.96
-60.80
31.63
63.52
32.94
-22.71
133.90
46.89
181.17
60.16
53.01
57.59
52.75
309.14
195.31
38.90
44.84
31.26
19.15
106.53
25.71
56.81
58.84
256.49
97.46
70.27
32.87
62.23
37.02
47.97
-19.17
101.19
-27.41
54.98
33.21
33.98
66.80
25.01
144.33
171.20
48.09
-62.77
138.27
-5.10
88.52
31.74
38.90
72.28
116.89
-61.76
-46.96
78.42
60.45
116.83
68.95
189.19
91.36
90.39
85.83
67.42
61.22
62.67
50.29
231.24
52.34
70.93
31.63
64.70
191.05
-5.10
55.60
92.69
-56.54
341.83
145.92
153.89
-25.08
175.53
33.42
59.57
42.65
83.57
41.85
187.50
35.49
110.78
-55.24
28.29
134.57
66.73
85.46
65.53
98.29
195.19
56.42
-28.77
34.64
57.33
128.83
34.40
89.02
196.84
74.91
75.61
-5.10
64.60
150.92
49.26
169.75
8.59
62.52
68.55
40.01
65.36
-21.09
42.08
212.56
40.17
33.21
104.12
110.33
-23.24
80.22
94.32
-5.10
134.76
96.37
74.89
80.42
129.28
111.59
121.12
-100.09
160.46
-5.10
98.29
135.88
163.84
33.09
-37.78
-56.15
86.75
48.52
-27.52
150.45
-42.11
-5.10
116.10
200.47
64.54
35.86
89.05
71.59
-57.59
190.36
126.19
189.01
64.90
-5.10
46.14
33.37
63.43
476.22
31.55
170.02
153.22
-38.77
122.88
51.04
80.24
93.53
-49.22
65.31
62.31
32.24
49.14
50.04
225.52
-5.10
98.09
60.50
-5.10
241.20
59.11
83.46
-47.63
96.52
41.23
44.96
-5.10
-5.10
33.38
47.97
41.08
37.76
-54.60
80.40
266.96
49.27
50.86
182.74
86.88
35.39
98.17
115.71
81.26
78.31
48.01
271.99
33.21
74.22
6.67
158.32
125.63
363.14
190.72
148.77
57.90
-42.56
23.70
71.52
76.82
144.92
160.46
61.30
164.04
11.54
340.71
-32.70
86.72
69.05
165.71
80.22
-58.11
145.92
65.43
37.72
65.73
44.33
101.44
58.11
20.93
-100.10
40.54
54.41
-5.10
39.07
66.78
134.57
144.33
99.58
113.70
63.23
49.69
264.13
83.82
62.32
77.66
145.76
126.32
44.91
-5.10
49.57
115.83
132.47
52.50
439.12
86.46
78.67
50.57
102.83
41.04
80.82
-10.93
183.73
114.19
106.66
42.84
62.49
79.03
77.27
10.83
67.65
-53.90
396.47
163.65
34.38
253.40
96.33
-105.11
100.07
-99.77
134.34
14.97
59.56
152.67
129.97
181.34
64.90
-5.10
47.94
135.15
-5.10
-51.86
-14.39
70.81
-5.10
19.08
27.24
-5.10
247.30
60.47
155.75
57.31
74.21
41.82
205.33
-46.90
-54.66
-5.10
38.90
-57.53
89.84
100.41
38.66
43.65
59.01
-66.41
38.87
258.96
224.07
60.40
38.90
213.69
147.95
45.87
328.89
164.64
47.97
126.32
-60.87
46.56
69.58
41.85
-5.10
66.54
69.23
47.94
56.99
86.45
-71.17
-35.38
60.95
365.75
46.35
-66.76
-13.59
161.65
70.43
136.38
90.28
-34.51
144.22
109.82
-5.10
137.76
183.01
101.27
241.34
104.72
50.55
154.11
102.48
-100.15
52.75
124.21
23.68
30.33
-9.56
169.53
133.45
267.98
67.81
40.68
68.39
188.40
-46.63
68.15
143.91
32.96
67.60
73.45
-5.10
39.45
139.08
42.67
45.05
46.91
40.74
184.30
126.19
-51.48
355.95
234.36
128.54
81.16
198.73
-63.07
38.05
89.79
171.20
70.54
32.15
92.59
43.47
41.85
-100.10
215.48
86.78
41.23
26.27
329.51
-28.78
85.77
40.94
46.97
63.89
105.95
85.69
162.81
-64.61
54.83
-64.30
64.34
347.90
64.15
33.09
-4.74
46.10
78.83
30.34
-59.60
-5.10
45.21
57.73
64.28
71.33
-27.05
116.27
269.44
596.15
232.08
42.78
158.74
-53.21
65.56
49.11
39.89
38.87
45.76
168.09
241.20
-81.30
132.45
50.39
49.46
47.26
59.34
41.85
45.60
78.56
-5.10
242.46
-62.87
56.57
42.19
70.76
-51.11
-57.53
-67.86
-97.90
67.22
55.06
75.49
-13.43
-5.10
351.68
-5.85
99.11
554.44
-100.10
116.10
39.89
105.77
47.84
59.46
54.81
76.87
-5.10
50.96
134.80
33.21
-54.14
63.51
151.83
61.02
49.69
66.15
88.30
100.48
31.47
84.29
-11.90
-51.72
80.66
97.71
-50.90
96.66
